55.0,-125.0,56.0,-124.0
54.0,-125.0,55.0,-124.0
53.0,-125.0,54.0,-124.0
58.0,-125.0,59.0,-124.0
57.0,-125.0,58.0,-124.0
40.0,-125.0,41.0,-124.0
39.0,-125.0,40.0,-124.0
38.0,-125.0,39.0,-124.0
37.0,-125.0,38.0,-124.0
44.0,-125.0,45.0,-124.0
43.0,-125.0,44.0,-124.0
42.0,-125.0,43.0,-124.0
41.0,-125.0,42.0,-124.0
48.0,-125.0,49.0,-124.0
47.0,-125.0,48.0,-124.0
46.0,-125.0,47.0,-124.0
45.0,-125.0,46.0,-124.0
52.0,-125.0,53.0,-124.0
51.0,-125.0,52.0,-124.0
50.0,-125.0,51.0,-124.0
49.0,-125.0,50.0,-124.0
40.0,-123.0,41.0,-122.0
39.0,-123.0,40.0,-122.0
38.0,-123.0,39.0,-122.0
37.0,-123.0,38.0,-122.0
44.0,-123.0,45.0,-122.0
43.0,-123.0,44.0,-122.0
42.0,-123.0,43.0,-122.0
41.0,-123.0,42.0,-122.0
48.0,-123.0,49.0,-122.0
47.0,-123.0,48.0,-122.0
46.0,-123.0,47.0,-122.0
45.0,-123.0,46.0,-122.0
52.0,-123.0,53.0,-122.0
51.0,-123.0,52.0,-122.0
50.0,-123.0,51.0,-122.0
49.0,-123.0,50.0,-122.0
36.0,-123.0,37.0,-122.0
35.0,-123.0,36.0,-122.0
34.0,-123.0,35.0,-122.0
33.0,-123.0,34.0,-122.0
36.0,-124.0,37.0,-123.0
35.0,-124.0,36.0,-123.0
34.0,-124.0,35.0,-123.0
40.0,-124.0,41.0,-123.0
39.0,-124.0,40.0,-123.0
38.0,-124.0,39.0,-123.0
37.0,-124.0,38.0,-123.0
44.0,-124.0,45.0,-123.0
43.0,-124.0,44.0,-123.0
42.0,-124.0,43.0,-123.0
41.0,-124.0,42.0,-123.0
56.0,-123.0,57.0,-122.0
55.0,-123.0,56.0,-122.0
54.0,-123.0,55.0,-122.0
53.0,-123.0,54.0,-122.0
58.0,-123.0,59.0,-122.0
57.0,-123.0,58.0,-122.0
56.0,-121.0,57.0,-120.0
55.0,-121.0,56.0,-120.0
54.0,-121.0,55.0,-120.0
53.0,-121.0,54.0,-120.0
58.0,-121.0,59.0,-120.0
57.0,-121.0,58.0,-120.0
40.0,-121.0,41.0,-120.0
39.0,-121.0,40.0,-120.0
38.0,-121.0,39.0,-120.0
37.0,-121.0,38.0,-120.0
44.0,-121.0,45.0,-120.0
43.0,-121.0,44.0,-120.0
42.0,-121.0,43.0,-120.0
41.0,-121.0,42.0,-120.0
48.0,-121.0,49.0,-120.0
47.0,-121.0,48.0,-120.0
46.0,-121.0,47.0,-120.0
45.0,-121.0,46.0,-120.0
52.0,-121.0,53.0,-120.0
51.0,-121.0,52.0,-120.0
50.0,-121.0,51.0,-120.0
49.0,-121.0,50.0,-120.0
48.0,-122.0,49.0,-121.0
47.0,-122.0,48.0,-121.0
46.0,-122.0,47.0,-121.0
45.0,-122.0,46.0,-121.0
52.0,-122.0,53.0,-121.0
51.0,-122.0,52.0,-121.0
50.0,-122.0,51.0,-121.0
49.0,-122.0,50.0,-121.0
56.0,-122.0,57.0,-121.0
55.0,-122.0,56.0,-121.0
54.0,-122.0,55.0,-121.0
53.0,-122.0,54.0,-121.0
58.0,-122.0,59.0,-121.0
57.0,-122.0,58.0,-121.0
32.0,-122.0,33.0,-121.0
31.0,-122.0,32.0,-121.0
36.0,-122.0,37.0,-121.0
35.0,-122.0,36.0,-121.0
34.0,-122.0,35.0,-121.0
33.0,-122.0,34.0,-121.0
40.0,-122.0,41.0,-121.0
39.0,-122.0,40.0,-121.0
38.0,-122.0,39.0,-121.0
37.0,-122.0,38.0,-121.0
44.0,-122.0,45.0,-121.0
43.0,-122.0,44.0,-121.0
42.0,-122.0,43.0,-121.0
41.0,-122.0,42.0,-121.0
32.0,-120.0,33.0,-119.0
31.0,-120.0,32.0,-119.0
30.0,-120.0,31.0,-119.0
29.0,-120.0,30.0,-119.0
36.0,-120.0,37.0,-119.0
35.0,-120.0,36.0,-119.0
34.0,-120.0,35.0,-119.0
33.0,-120.0,34.0,-119.0
40.0,-120.0,41.0,-119.0
39.0,-120.0,40.0,-119.0
38.0,-120.0,39.0,-119.0
37.0,-120.0,38.0,-119.0
44.0,-120.0,45.0,-119.0
43.0,-120.0,44.0,-119.0
42.0,-120.0,43.0,-119.0
41.0,-120.0,42.0,-119.0
56.0,-119.0,57.0,-118.0
55.0,-119.0,56.0,-118.0
54.0,-119.0,55.0,-118.0
53.0,-119.0,54.0,-118.0
58.0,-119.0,59.0,-118.0
57.0,-119.0,58.0,-118.0
28.0,-120.0,29.0,-119.0
32.0,-121.0,33.0,-120.0
31.0,-121.0,32.0,-120.0
30.0,-121.0,31.0,-120.0
36.0,-121.0,37.0,-120.0
35.0,-121.0,36.0,-120.0
34.0,-121.0,35.0,-120.0
33.0,-121.0,34.0,-120.0
48.0,-120.0,49.0,-119.0
47.0,-120.0,48.0,-119.0
46.0,-120.0,47.0,-119.0
45.0,-120.0,46.0,-119.0
52.0,-120.0,53.0,-119.0
51.0,-120.0,52.0,-119.0
50.0,-120.0,51.0,-119.0
49.0,-120.0,50.0,-119.0
56.0,-120.0,57.0,-119.0
55.0,-120.0,56.0,-119.0
54.0,-120.0,55.0,-119.0
53.0,-120.0,54.0,-119.0
58.0,-120.0,59.0,-119.0
57.0,-120.0,58.0,-119.0
48.0,-118.0,49.0,-117.0
47.0,-118.0,48.0,-117.0
46.0,-118.0,47.0,-117.0
45.0,-118.0,46.0,-117.0
52.0,-118.0,53.0,-117.0
51.0,-118.0,52.0,-117.0
50.0,-118.0,51.0,-117.0
49.0,-118.0,50.0,-117.0
56.0,-118.0,57.0,-117.0
55.0,-118.0,56.0,-117.0
54.0,-118.0,55.0,-117.0
53.0,-118.0,54.0,-117.0
58.0,-118.0,59.0,-117.0
57.0,-118.0,58.0,-117.0
32.0,-118.0,33.0,-117.0
31.0,-118.0,32.0,-117.0
30.0,-118.0,31.0,-117.0
29.0,-118.0,30.0,-117.0
36.0,-118.0,37.0,-117.0
35.0,-118.0,36.0,-117.0
34.0,-118.0,35.0,-117.0
33.0,-118.0,34.0,-117.0
40.0,-118.0,41.0,-117.0
39.0,-118.0,40.0,-117.0
38.0,-118.0,39.0,-117.0
37.0,-118.0,38.0,-117.0
44.0,-118.0,45.0,-117.0
43.0,-118.0,44.0,-117.0
42.0,-118.0,43.0,-117.0
41.0,-118.0,42.0,-117.0
40.0,-119.0,41.0,-118.0
39.0,-119.0,40.0,-118.0
38.0,-119.0,39.0,-118.0
37.0,-119.0,38.0,-118.0
44.0,-119.0,45.0,-118.0
43.0,-119.0,44.0,-118.0
42.0,-119.0,43.0,-118.0
41.0,-119.0,42.0,-118.0
48.0,-119.0,49.0,-118.0
47.0,-119.0,48.0,-118.0
46.0,-119.0,47.0,-118.0
45.0,-119.0,46.0,-118.0
52.0,-119.0,53.0,-118.0
51.0,-119.0,52.0,-118.0
50.0,-119.0,51.0,-118.0
49.0,-119.0,50.0,-118.0
28.0,-119.0,29.0,-118.0
27.0,-119.0,28.0,-118.0
32.0,-119.0,33.0,-118.0
31.0,-119.0,32.0,-118.0
30.0,-119.0,31.0,-118.0
29.0,-119.0,30.0,-118.0
36.0,-119.0,37.0,-118.0
35.0,-119.0,36.0,-118.0
34.0,-119.0,35.0,-118.0
33.0,-119.0,34.0,-118.0
56.0,-65.0,57.0,-64.0
55.0,-65.0,56.0,-64.0
54.0,-65.0,55.0,-64.0
53.0,-65.0,54.0,-64.0
59.0,-65.0,60.0,-64.0
58.0,-65.0,59.0,-64.0
57.0,-65.0,58.0,-64.0
44.0,-65.0,45.0,-64.0
43.0,-65.0,44.0,-64.0
42.0,-65.0,43.0,-64.0
48.0,-65.0,49.0,-64.0
47.0,-65.0,48.0,-64.0
46.0,-65.0,47.0,-64.0
45.0,-65.0,46.0,-64.0
52.0,-65.0,53.0,-64.0
51.0,-65.0,52.0,-64.0
50.0,-65.0,51.0,-64.0
49.0,-65.0,50.0,-64.0
48.0,-66.0,49.0,-65.0
47.0,-66.0,48.0,-65.0
46.0,-66.0,47.0,-65.0
45.0,-66.0,46.0,-65.0
52.0,-66.0,53.0,-65.0
51.0,-66.0,52.0,-65.0
50.0,-66.0,51.0,-65.0
49.0,-66.0,50.0,-65.0
56.0,-66.0,57.0,-65.0
55.0,-66.0,56.0,-65.0
54.0,-66.0,55.0,-65.0
53.0,-66.0,54.0,-65.0
59.0,-66.0,60.0,-65.0
58.0,-66.0,59.0,-65.0
57.0,-66.0,58.0,-65.0
44.0,-66.0,45.0,-65.0
43.0,-66.0,44.0,-65.0
42.0,-66.0,43.0,-65.0
44.0,-64.0,45.0,-63.0
43.0,-64.0,44.0,-63.0
42.0,-64.0,43.0,-63.0
56.0,-63.0,57.0,-62.0
55.0,-63.0,56.0,-62.0
54.0,-63.0,55.0,-62.0
53.0,-63.0,54.0,-62.0
59.0,-63.0,60.0,-62.0
58.0,-63.0,59.0,-62.0
57.0,-63.0,58.0,-62.0
48.0,-64.0,49.0,-63.0
47.0,-64.0,48.0,-63.0
46.0,-64.0,47.0,-63.0
45.0,-64.0,46.0,-63.0
52.0,-64.0,53.0,-63.0
51.0,-64.0,52.0,-63.0
50.0,-64.0,51.0,-63.0
49.0,-64.0,50.0,-63.0
56.0,-64.0,57.0,-63.0
55.0,-64.0,56.0,-63.0
54.0,-64.0,55.0,-63.0
53.0,-64.0,54.0,-63.0
59.0,-64.0,60.0,-63.0
58.0,-64.0,59.0,-63.0
57.0,-64.0,58.0,-63.0
48.0,-62.0,49.0,-61.0
47.0,-62.0,48.0,-61.0
46.0,-62.0,47.0,-61.0
45.0,-62.0,46.0,-61.0
52.0,-62.0,53.0,-61.0
51.0,-62.0,52.0,-61.0
50.0,-62.0,51.0,-61.0
49.0,-62.0,50.0,-61.0
56.0,-62.0,57.0,-61.0
55.0,-62.0,56.0,-61.0
54.0,-62.0,55.0,-61.0
53.0,-62.0,54.0,-61.0
59.0,-62.0,60.0,-61.0
58.0,-62.0,59.0,-61.0
57.0,-62.0,58.0,-61.0
44.0,-62.0,45.0,-61.0
43.0,-62.0,44.0,-61.0
44.0,-63.0,45.0,-62.0
43.0,-63.0,44.0,-62.0
48.0,-63.0,49.0,-62.0
47.0,-63.0,48.0,-62.0
46.0,-63.0,47.0,-62.0
45.0,-63.0,46.0,-62.0
52.0,-63.0,53.0,-62.0
51.0,-63.0,52.0,-62.0
50.0,-63.0,51.0,-62.0
49.0,-63.0,50.0,-62.0
56.0,-61.0,57.0,-60.0
55.0,-61.0,56.0,-60.0
54.0,-61.0,55.0,-60.0
53.0,-61.0,54.0,-60.0
59.0,-61.0,60.0,-60.0
58.0,-61.0,59.0,-60.0
57.0,-61.0,58.0,-60.0
44.0,-61.0,45.0,-60.0
48.0,-61.0,49.0,-60.0
47.0,-61.0,48.0,-60.0
46.0,-61.0,47.0,-60.0
45.0,-61.0,46.0,-60.0
52.0,-61.0,53.0,-60.0
51.0,-61.0,52.0,-60.0
50.0,-61.0,51.0,-60.0
49.0,-61.0,50.0,-60.0
48.0,-78.0,49.0,-77.0
47.0,-78.0,48.0,-77.0
46.0,-78.0,47.0,-77.0
45.0,-78.0,46.0,-77.0
52.0,-78.0,53.0,-77.0
51.0,-78.0,52.0,-77.0
50.0,-78.0,51.0,-77.0
49.0,-78.0,50.0,-77.0
56.0,-78.0,57.0,-77.0
55.0,-78.0,56.0,-77.0
54.0,-78.0,55.0,-77.0
53.0,-78.0,54.0,-77.0
20.0,-79.0,21.0,-78.0
59.0,-78.0,60.0,-77.0
58.0,-78.0,59.0,-77.0
57.0,-78.0,58.0,-77.0
32.0,-78.0,33.0,-77.0
31.0,-78.0,32.0,-77.0
36.0,-78.0,37.0,-77.0
35.0,-78.0,36.0,-77.0
34.0,-78.0,35.0,-77.0
33.0,-78.0,34.0,-77.0
40.0,-78.0,41.0,-77.0
39.0,-78.0,40.0,-77.0
38.0,-78.0,39.0,-77.0
37.0,-78.0,38.0,-77.0
44.0,-78.0,45.0,-77.0
43.0,-78.0,44.0,-77.0
42.0,-78.0,43.0,-77.0
41.0,-78.0,42.0,-77.0
40.0,-79.0,41.0,-78.0
39.0,-79.0,40.0,-78.0
38.0,-79.0,39.0,-78.0
37.0,-79.0,38.0,-78.0
44.0,-79.0,45.0,-78.0
43.0,-79.0,44.0,-78.0
42.0,-79.0,43.0,-78.0
41.0,-79.0,42.0,-78.0
48.0,-79.0,49.0,-78.0
47.0,-79.0,48.0,-78.0
46.0,-79.0,47.0,-78.0
45.0,-79.0,46.0,-78.0
52.0,-79.0,53.0,-78.0
51.0,-79.0,52.0,-78.0
50.0,-79.0,51.0,-78.0
49.0,-79.0,50.0,-78.0
24.0,-79.0,25.0,-78.0
23.0,-79.0,24.0,-78.0
22.0,-79.0,23.0,-78.0
21.0,-79.0,22.0,-78.0
28.0,-79.0,29.0,-78.0
27.0,-79.0,28.0,-78.0
26.0,-79.0,27.0,-78.0
25.0,-79.0,26.0,-78.0
32.0,-79.0,33.0,-78.0
31.0,-79.0,32.0,-78.0
30.0,-79.0,31.0,-78.0
29.0,-79.0,30.0,-78.0
36.0,-79.0,37.0,-78.0
35.0,-79.0,36.0,-78.0
34.0,-79.0,35.0,-78.0
33.0,-79.0,34.0,-78.0
24.0,-77.0,25.0,-76.0
23.0,-77.0,24.0,-76.0
22.0,-77.0,23.0,-76.0
21.0,-77.0,22.0,-76.0
27.0,-77.0,28.0,-76.0
26.0,-77.0,27.0,-76.0
25.0,-77.0,26.0,-76.0
32.0,-77.0,33.0,-76.0
36.0,-77.0,37.0,-76.0
35.0,-77.0,36.0,-76.0
34.0,-77.0,35.0,-76.0
33.0,-77.0,34.0,-76.0
48.0,-76.0,49.0,-75.0
47.0,-76.0,48.0,-75.0
46.0,-76.0,47.0,-75.0
45.0,-76.0,46.0,-75.0
52.0,-76.0,53.0,-75.0
51.0,-76.0,52.0,-75.0
50.0,-76.0,51.0,-75.0
49.0,-76.0,50.0,-75.0
56.0,-76.0,57.0,-75.0
55.0,-76.0,56.0,-75.0
54.0,-76.0,55.0,-75.0
53.0,-76.0,54.0,-75.0
20.0,-77.0,21.0,-76.0
59.0,-76.0,60.0,-75.0
58.0,-76.0,59.0,-75.0
57.0,-76.0,58.0,-75.0
56.0,-77.0,57.0,-76.0
55.0,-77.0,56.0,-76.0
54.0,-77.0,55.0,-76.0
53.0,-77.0,54.0,-76.0
20.0,-78.0,21.0,-77.0
59.0,-77.0,60.0,-76.0
58.0,-77.0,59.0,-76.0
57.0,-77.0,58.0,-76.0
24.0,-78.0,25.0,-77.0
23.0,-78.0,24.0,-77.0
22.0,-78.0,23.0,-77.0
21.0,-78.0,22.0,-77.0
28.0,-78.0,29.0,-77.0
27.0,-78.0,28.0,-77.0
26.0,-78.0,27.0,-77.0
25.0,-78.0,26.0,-77.0
40.0,-77.0,41.0,-76.0
39.0,-77.0,40.0,-76.0
38.0,-77.0,39.0,-76.0
37.0,-77.0,38.0,-76.0
44.0,-77.0,45.0,-76.0
43.0,-77.0,44.0,-76.0
42.0,-77.0,43.0,-76.0
41.0,-77.0,42.0,-76.0
48.0,-77.0,49.0,-76.0
47.0,-77.0,48.0,-76.0
46.0,-77.0,47.0,-76.0
45.0,-77.0,46.0,-76.0
52.0,-77.0,53.0,-76.0
51.0,-77.0,52.0,-76.0
50.0,-77.0,51.0,-76.0
49.0,-77.0,50.0,-76.0
40.0,-75.0,41.0,-74.0
39.0,-75.0,40.0,-74.0
38.0,-75.0,39.0,-74.0
37.0,-75.0,38.0,-74.0
44.0,-75.0,45.0,-74.0
43.0,-75.0,44.0,-74.0
42.0,-75.0,43.0,-74.0
41.0,-75.0,42.0,-74.0
48.0,-75.0,49.0,-74.0
47.0,-75.0,48.0,-74.0
46.0,-75.0,47.0,-74.0
45.0,-75.0,46.0,-74.0
52.0,-75.0,53.0,-74.0
51.0,-75.0,52.0,-74.0
50.0,-75.0,51.0,-74.0
49.0,-75.0,50.0,-74.0
24.0,-75.0,25.0,-74.0
23.0,-75.0,24.0,-74.0
22.0,-75.0,23.0,-74.0
21.0,-75.0,22.0,-74.0
25.0,-75.0,26.0,-74.0
36.0,-75.0,37.0,-74.0
35.0,-75.0,36.0,-74.0
34.0,-75.0,35.0,-74.0
36.0,-76.0,37.0,-75.0
35.0,-76.0,36.0,-75.0
34.0,-76.0,35.0,-75.0
33.0,-76.0,34.0,-75.0
40.0,-76.0,41.0,-75.0
39.0,-76.0,40.0,-75.0
38.0,-76.0,39.0,-75.0
37.0,-76.0,38.0,-75.0
44.0,-76.0,45.0,-75.0
43.0,-76.0,44.0,-75.0
42.0,-76.0,43.0,-75.0
41.0,-76.0,42.0,-75.0
56.0,-75.0,57.0,-74.0
55.0,-75.0,56.0,-74.0
54.0,-75.0,55.0,-74.0
53.0,-75.0,54.0,-74.0
20.0,-76.0,21.0,-75.0
59.0,-75.0,60.0,-74.0
58.0,-75.0,59.0,-74.0
57.0,-75.0,58.0,-74.0
24.0,-76.0,25.0,-75.0
23.0,-76.0,24.0,-75.0
22.0,-76.0,23.0,-75.0
21.0,-76.0,22.0,-75.0
26.0,-76.0,27.0,-75.0
25.0,-76.0,26.0,-75.0
56.0,-73.0,57.0,-72.0
55.0,-73.0,56.0,-72.0
54.0,-73.0,55.0,-72.0
53.0,-73.0,54.0,-72.0
20.0,-74.0,21.0,-73.0
59.0,-73.0,60.0,-72.0
58.0,-73.0,59.0,-72.0
57.0,-73.0,58.0,-72.0
24.0,-74.0,25.0,-73.0
23.0,-74.0,24.0,-73.0
22.0,-74.0,23.0,-73.0
21.0,-74.0,22.0,-73.0
25.0,-74.0,26.0,-73.0
40.0,-73.0,41.0,-72.0
39.0,-73.0,40.0,-72.0
44.0,-73.0,45.0,-72.0
43.0,-73.0,44.0,-72.0
42.0,-73.0,43.0,-72.0
41.0,-73.0,42.0,-72.0
48.0,-73.0,49.0,-72.0
47.0,-73.0,48.0,-72.0
46.0,-73.0,47.0,-72.0
45.0,-73.0,46.0,-72.0
52.0,-73.0,53.0,-72.0
51.0,-73.0,52.0,-72.0
50.0,-73.0,51.0,-72.0
49.0,-73.0,50.0,-72.0
48.0,-74.0,49.0,-73.0
47.0,-74.0,48.0,-73.0
46.0,-74.0,47.0,-73.0
45.0,-74.0,46.0,-73.0
52.0,-74.0,53.0,-73.0
51.0,-74.0,52.0,-73.0
50.0,-74.0,51.0,-73.0
49.0,-74.0,50.0,-73.0
56.0,-74.0,57.0,-73.0
55.0,-74.0,56.0,-73.0
54.0,-74.0,55.0,-73.0
53.0,-74.0,54.0,-73.0
20.0,-75.0,21.0,-74.0
59.0,-74.0,60.0,-73.0
58.0,-74.0,59.0,-73.0
57.0,-74.0,58.0,-73.0
40.0,-74.0,41.0,-73.0
39.0,-74.0,40.0,-73.0
38.0,-74.0,39.0,-73.0
37.0,-74.0,38.0,-73.0
44.0,-74.0,45.0,-73.0
43.0,-74.0,44.0,-73.0
42.0,-74.0,43.0,-73.0
41.0,-74.0,42.0,-73.0
40.0,-72.0,41.0,-71.0
39.0,-72.0,40.0,-71.0
44.0,-72.0,45.0,-71.0
43.0,-72.0,44.0,-71.0
42.0,-72.0,43.0,-71.0
41.0,-72.0,42.0,-71.0
56.0,-71.0,57.0,-70.0
55.0,-71.0,56.0,-70.0
54.0,-71.0,55.0,-70.0
53.0,-71.0,54.0,-70.0
20.0,-72.0,21.0,-71.0
59.0,-71.0,60.0,-70.0
58.0,-71.0,59.0,-70.0
57.0,-71.0,58.0,-70.0
23.0,-72.0,24.0,-71.0
22.0,-72.0,23.0,-71.0
21.0,-72.0,22.0,-71.0
24.0,-73.0,25.0,-72.0
23.0,-73.0,24.0,-72.0
22.0,-73.0,23.0,-72.0
21.0,-73.0,22.0,-72.0
48.0,-72.0,49.0,-71.0
47.0,-72.0,48.0,-71.0
46.0,-72.0,47.0,-71.0
45.0,-72.0,46.0,-71.0
52.0,-72.0,53.0,-71.0
51.0,-72.0,52.0,-71.0
50.0,-72.0,51.0,-71.0
49.0,-72.0,50.0,-71.0
56.0,-72.0,57.0,-71.0
55.0,-72.0,56.0,-71.0
54.0,-72.0,55.0,-71.0
53.0,-72.0,54.0,-71.0
20.0,-73.0,21.0,-72.0
59.0,-72.0,60.0,-71.0
58.0,-72.0,59.0,-71.0
57.0,-72.0,58.0,-71.0
48.0,-70.0,49.0,-69.0
47.0,-70.0,48.0,-69.0
46.0,-70.0,47.0,-69.0
45.0,-70.0,46.0,-69.0
52.0,-70.0,53.0,-69.0
51.0,-70.0,52.0,-69.0
50.0,-70.0,51.0,-69.0
49.0,-70.0,50.0,-69.0
56.0,-70.0,57.0,-69.0
55.0,-70.0,56.0,-69.0
54.0,-70.0,55.0,-69.0
53.0,-70.0,54.0,-69.0
20.0,-71.0,21.0,-70.0
59.0,-70.0,60.0,-69.0
58.0,-70.0,59.0,-69.0
57.0,-70.0,58.0,-69.0
40.0,-70.0,41.0,-69.0
44.0,-70.0,45.0,-69.0
43.0,-70.0,44.0,-69.0
42.0,-70.0,43.0,-69.0
41.0,-70.0,42.0,-69.0
40.0,-71.0,41.0,-70.0
44.0,-71.0,45.0,-70.0
43.0,-71.0,44.0,-70.0
42.0,-71.0,43.0,-70.0
41.0,-71.0,42.0,-70.0
48.0,-71.0,49.0,-70.0
47.0,-71.0,48.0,-70.0
46.0,-71.0,47.0,-70.0
45.0,-71.0,46.0,-70.0
52.0,-71.0,53.0,-70.0
51.0,-71.0,52.0,-70.0
50.0,-71.0,51.0,-70.0
49.0,-71.0,50.0,-70.0
22.0,-71.0,23.0,-70.0
21.0,-71.0,22.0,-70.0
21.0,-69.0,22.0,-68.0
48.0,-68.0,49.0,-67.0
47.0,-68.0,48.0,-67.0
46.0,-68.0,47.0,-67.0
45.0,-68.0,46.0,-67.0
52.0,-68.0,53.0,-67.0
51.0,-68.0,52.0,-67.0
50.0,-68.0,51.0,-67.0
49.0,-68.0,50.0,-67.0
56.0,-68.0,57.0,-67.0
55.0,-68.0,56.0,-67.0
54.0,-68.0,55.0,-67.0
53.0,-68.0,54.0,-67.0
20.0,-69.0,21.0,-68.0
59.0,-68.0,60.0,-67.0
58.0,-68.0,59.0,-67.0
57.0,-68.0,58.0,-67.0
56.0,-69.0,57.0,-68.0
55.0,-69.0,56.0,-68.0
54.0,-69.0,55.0,-68.0
53.0,-69.0,54.0,-68.0
20.0,-70.0,21.0,-69.0
59.0,-69.0,60.0,-68.0
58.0,-69.0,59.0,-68.0
57.0,-69.0,58.0,-68.0
21.0,-70.0,22.0,-69.0
40.0,-69.0,41.0,-68.0
44.0,-69.0,45.0,-68.0
43.0,-69.0,44.0,-68.0
42.0,-69.0,43.0,-68.0
41.0,-69.0,42.0,-68.0
48.0,-69.0,49.0,-68.0
47.0,-69.0,48.0,-68.0
46.0,-69.0,47.0,-68.0
45.0,-69.0,46.0,-68.0
52.0,-69.0,53.0,-68.0
51.0,-69.0,52.0,-68.0
50.0,-69.0,51.0,-68.0
49.0,-69.0,50.0,-68.0
44.0,-67.0,45.0,-66.0
43.0,-67.0,44.0,-66.0
42.0,-67.0,43.0,-66.0
48.0,-67.0,49.0,-66.0
47.0,-67.0,48.0,-66.0
46.0,-67.0,47.0,-66.0
45.0,-67.0,46.0,-66.0
52.0,-67.0,53.0,-66.0
51.0,-67.0,52.0,-66.0
50.0,-67.0,51.0,-66.0
49.0,-67.0,50.0,-66.0
40.0,-68.0,41.0,-67.0
44.0,-68.0,45.0,-67.0
43.0,-68.0,44.0,-67.0
42.0,-68.0,43.0,-67.0
41.0,-68.0,42.0,-67.0
56.0,-67.0,57.0,-66.0
55.0,-67.0,56.0,-66.0
54.0,-67.0,55.0,-66.0
53.0,-67.0,54.0,-66.0
59.0,-67.0,60.0,-66.0
58.0,-67.0,59.0,-66.0
57.0,-67.0,58.0,-66.0
40.0,-91.0,41.0,-90.0
39.0,-91.0,40.0,-90.0
38.0,-91.0,39.0,-90.0
37.0,-91.0,38.0,-90.0
44.0,-91.0,45.0,-90.0
43.0,-91.0,44.0,-90.0
42.0,-91.0,43.0,-90.0
41.0,-91.0,42.0,-90.0
48.0,-91.0,49.0,-90.0
47.0,-91.0,48.0,-90.0
46.0,-91.0,47.0,-90.0
45.0,-91.0,46.0,-90.0
52.0,-91.0,53.0,-90.0
51.0,-91.0,52.0,-90.0
50.0,-91.0,51.0,-90.0
49.0,-91.0,50.0,-90.0
24.0,-91.0,25.0,-90.0
23.0,-91.0,24.0,-90.0
22.0,-91.0,23.0,-90.0
21.0,-91.0,22.0,-90.0
28.0,-91.0,29.0,-90.0
27.0,-91.0,28.0,-90.0
26.0,-91.0,27.0,-90.0
25.0,-91.0,26.0,-90.0
32.0,-91.0,33.0,-90.0
31.0,-91.0,32.0,-90.0
30.0,-91.0,31.0,-90.0
29.0,-91.0,30.0,-90.0
36.0,-91.0,37.0,-90.0
35.0,-91.0,36.0,-90.0
34.0,-91.0,35.0,-90.0
33.0,-91.0,34.0,-90.0
32.0,-92.0,33.0,-91.0
31.0,-92.0,32.0,-91.0
30.0,-92.0,31.0,-91.0
29.0,-92.0,30.0,-91.0
36.0,-92.0,37.0,-91.0
35.0,-92.0,36.0,-91.0
34.0,-92.0,35.0,-91.0
33.0,-92.0,34.0,-91.0
40.0,-92.0,41.0,-91.0
39.0,-92.0,40.0,-91.0
38.0,-92.0,39.0,-91.0
37.0,-92.0,38.0,-91.0
44.0,-92.0,45.0,-91.0
43.0,-92.0,44.0,-91.0
42.0,-92.0,43.0,-91.0
41.0,-92.0,42.0,-91.0
56.0,-91.0,57.0,-90.0
55.0,-91.0,56.0,-90.0
54.0,-91.0,55.0,-90.0
53.0,-91.0,54.0,-90.0
20.0,-92.0,21.0,-91.0
58.0,-91.0,59.0,-90.0
57.0,-91.0,58.0,-90.0
24.0,-92.0,25.0,-91.0
23.0,-92.0,24.0,-91.0
22.0,-92.0,23.0,-91.0
21.0,-92.0,22.0,-91.0
28.0,-92.0,29.0,-91.0
27.0,-92.0,28.0,-91.0
26.0,-92.0,27.0,-91.0
25.0,-92.0,26.0,-91.0
56.0,-89.0,57.0,-88.0
55.0,-89.0,56.0,-88.0
54.0,-89.0,55.0,-88.0
53.0,-89.0,54.0,-88.0
20.0,-90.0,21.0,-89.0
58.0,-89.0,59.0,-88.0
57.0,-89.0,58.0,-88.0
24.0,-90.0,25.0,-89.0
23.0,-90.0,24.0,-89.0
22.0,-90.0,23.0,-89.0
21.0,-90.0,22.0,-89.0
28.0,-90.0,29.0,-89.0
27.0,-90.0,28.0,-89.0
26.0,-90.0,27.0,-89.0
25.0,-90.0,26.0,-89.0
40.0,-89.0,41.0,-88.0
39.0,-89.0,40.0,-88.0
38.0,-89.0,39.0,-88.0
37.0,-89.0,38.0,-88.0
44.0,-89.0,45.0,-88.0
43.0,-89.0,44.0,-88.0
42.0,-89.0,43.0,-88.0
41.0,-89.0,42.0,-88.0
48.0,-89.0,49.0,-88.0
47.0,-89.0,48.0,-88.0
46.0,-89.0,47.0,-88.0
45.0,-89.0,46.0,-88.0
52.0,-89.0,53.0,-88.0
51.0,-89.0,52.0,-88.0
50.0,-89.0,51.0,-88.0
49.0,-89.0,50.0,-88.0
48.0,-90.0,49.0,-89.0
47.0,-90.0,48.0,-89.0
46.0,-90.0,47.0,-89.0
45.0,-90.0,46.0,-89.0
52.0,-90.0,53.0,-89.0
51.0,-90.0,52.0,-89.0
50.0,-90.0,51.0,-89.0
49.0,-90.0,50.0,-89.0
56.0,-90.0,57.0,-89.0
55.0,-90.0,56.0,-89.0
54.0,-90.0,55.0,-89.0
53.0,-90.0,54.0,-89.0
20.0,-91.0,21.0,-90.0
58.0,-90.0,59.0,-89.0
57.0,-90.0,58.0,-89.0
32.0,-90.0,33.0,-89.0
31.0,-90.0,32.0,-89.0
30.0,-90.0,31.0,-89.0
29.0,-90.0,30.0,-89.0
36.0,-90.0,37.0,-89.0
35.0,-90.0,36.0,-89.0
34.0,-90.0,35.0,-89.0
33.0,-90.0,34.0,-89.0
40.0,-90.0,41.0,-89.0
39.0,-90.0,40.0,-89.0
38.0,-90.0,39.0,-89.0
37.0,-90.0,38.0,-89.0
44.0,-90.0,45.0,-89.0
43.0,-90.0,44.0,-89.0
42.0,-90.0,43.0,-89.0
41.0,-90.0,42.0,-89.0
32.0,-88.0,33.0,-87.0
31.0,-88.0,32.0,-87.0
30.0,-88.0,31.0,-87.0
29.0,-88.0,30.0,-87.0
36.0,-88.0,37.0,-87.0
35.0,-88.0,36.0,-87.0
34.0,-88.0,35.0,-87.0
33.0,-88.0,34.0,-87.0
40.0,-88.0,41.0,-87.0
39.0,-88.0,40.0,-87.0
38.0,-88.0,39.0,-87.0
37.0,-88.0,38.0,-87.0
44.0,-88.0,45.0,-87.0
43.0,-88.0,44.0,-87.0
42.0,-88.0,43.0,-87.0
41.0,-88.0,42.0,-87.0
56.0,-87.0,57.0,-86.0
55.0,-87.0,56.0,-86.0
54.0,-87.0,55.0,-86.0
53.0,-87.0,54.0,-86.0
20.0,-88.0,21.0,-87.0
59.0,-87.0,60.0,-86.0
58.0,-87.0,59.0,-86.0
57.0,-87.0,58.0,-86.0
24.0,-88.0,25.0,-87.0
23.0,-88.0,24.0,-87.0
22.0,-88.0,23.0,-87.0
21.0,-88.0,22.0,-87.0
28.0,-88.0,29.0,-87.0
27.0,-88.0,28.0,-87.0
26.0,-88.0,27.0,-87.0
25.0,-88.0,26.0,-87.0
24.0,-89.0,25.0,-88.0
23.0,-89.0,24.0,-88.0
22.0,-89.0,23.0,-88.0
21.0,-89.0,22.0,-88.0
28.0,-89.0,29.0,-88.0
27.0,-89.0,28.0,-88.0
26.0,-89.0,27.0,-88.0
25.0,-89.0,26.0,-88.0
32.0,-89.0,33.0,-88.0
31.0,-89.0,32.0,-88.0
30.0,-89.0,31.0,-88.0
29.0,-89.0,30.0,-88.0
36.0,-89.0,37.0,-88.0
35.0,-89.0,36.0,-88.0
34.0,-89.0,35.0,-88.0
33.0,-89.0,34.0,-88.0
48.0,-88.0,49.0,-87.0
47.0,-88.0,48.0,-87.0
46.0,-88.0,47.0,-87.0
45.0,-88.0,46.0,-87.0
52.0,-88.0,53.0,-87.0
51.0,-88.0,52.0,-87.0
50.0,-88.0,51.0,-87.0
49.0,-88.0,50.0,-87.0
56.0,-88.0,57.0,-87.0
55.0,-88.0,56.0,-87.0
54.0,-88.0,55.0,-87.0
53.0,-88.0,54.0,-87.0
20.0,-89.0,21.0,-88.0
59.0,-88.0,60.0,-87.0
58.0,-88.0,59.0,-87.0
57.0,-88.0,58.0,-87.0
48.0,-86.0,49.0,-85.0
47.0,-86.0,48.0,-85.0
46.0,-86.0,47.0,-85.0
45.0,-86.0,46.0,-85.0
52.0,-86.0,53.0,-85.0
51.0,-86.0,52.0,-85.0
50.0,-86.0,51.0,-85.0
49.0,-86.0,50.0,-85.0
56.0,-86.0,57.0,-85.0
55.0,-86.0,56.0,-85.0
54.0,-86.0,55.0,-85.0
53.0,-86.0,54.0,-85.0
20.0,-87.0,21.0,-86.0
59.0,-86.0,60.0,-85.0
58.0,-86.0,59.0,-85.0
57.0,-86.0,58.0,-85.0
32.0,-86.0,33.0,-85.0
31.0,-86.0,32.0,-85.0
30.0,-86.0,31.0,-85.0
29.0,-86.0,30.0,-85.0
36.0,-86.0,37.0,-85.0
35.0,-86.0,36.0,-85.0
34.0,-86.0,35.0,-85.0
33.0,-86.0,34.0,-85.0
40.0,-86.0,41.0,-85.0
39.0,-86.0,40.0,-85.0
38.0,-86.0,39.0,-85.0
37.0,-86.0,38.0,-85.0
44.0,-86.0,45.0,-85.0
43.0,-86.0,44.0,-85.0
42.0,-86.0,43.0,-85.0
41.0,-86.0,42.0,-85.0
40.0,-87.0,41.0,-86.0
39.0,-87.0,40.0,-86.0
38.0,-87.0,39.0,-86.0
37.0,-87.0,38.0,-86.0
44.0,-87.0,45.0,-86.0
43.0,-87.0,44.0,-86.0
42.0,-87.0,43.0,-86.0
41.0,-87.0,42.0,-86.0
48.0,-87.0,49.0,-86.0
47.0,-87.0,48.0,-86.0
46.0,-87.0,47.0,-86.0
45.0,-87.0,46.0,-86.0
52.0,-87.0,53.0,-86.0
51.0,-87.0,52.0,-86.0
50.0,-87.0,51.0,-86.0
49.0,-87.0,50.0,-86.0
24.0,-87.0,25.0,-86.0
23.0,-87.0,24.0,-86.0
22.0,-87.0,23.0,-86.0
21.0,-87.0,22.0,-86.0
28.0,-87.0,29.0,-86.0
27.0,-87.0,28.0,-86.0
26.0,-87.0,27.0,-86.0
25.0,-87.0,26.0,-86.0
32.0,-87.0,33.0,-86.0
31.0,-87.0,32.0,-86.0
30.0,-87.0,31.0,-86.0
29.0,-87.0,30.0,-86.0
36.0,-87.0,37.0,-86.0
35.0,-87.0,36.0,-86.0
34.0,-87.0,35.0,-86.0
33.0,-87.0,34.0,-86.0
24.0,-85.0,25.0,-84.0
23.0,-85.0,24.0,-84.0
22.0,-85.0,23.0,-84.0
21.0,-85.0,22.0,-84.0
28.0,-85.0,29.0,-84.0
27.0,-85.0,28.0,-84.0
26.0,-85.0,27.0,-84.0
25.0,-85.0,26.0,-84.0
32.0,-85.0,33.0,-84.0
31.0,-85.0,32.0,-84.0
30.0,-85.0,31.0,-84.0
29.0,-85.0,30.0,-84.0
36.0,-85.0,37.0,-84.0
35.0,-85.0,36.0,-84.0
34.0,-85.0,35.0,-84.0
33.0,-85.0,34.0,-84.0
48.0,-84.0,49.0,-83.0
47.0,-84.0,48.0,-83.0
46.0,-84.0,47.0,-83.0
45.0,-84.0,46.0,-83.0
52.0,-84.0,53.0,-83.0
51.0,-84.0,52.0,-83.0
50.0,-84.0,51.0,-83.0
49.0,-84.0,50.0,-83.0
56.0,-84.0,57.0,-83.0
55.0,-84.0,56.0,-83.0
54.0,-84.0,55.0,-83.0
53.0,-84.0,54.0,-83.0
20.0,-85.0,21.0,-84.0
59.0,-84.0,60.0,-83.0
58.0,-84.0,59.0,-83.0
57.0,-84.0,58.0,-83.0
56.0,-85.0,57.0,-84.0
55.0,-85.0,56.0,-84.0
54.0,-85.0,55.0,-84.0
53.0,-85.0,54.0,-84.0
20.0,-86.0,21.0,-85.0
59.0,-85.0,60.0,-84.0
58.0,-85.0,59.0,-84.0
57.0,-85.0,58.0,-84.0
24.0,-86.0,25.0,-85.0
23.0,-86.0,24.0,-85.0
22.0,-86.0,23.0,-85.0
21.0,-86.0,22.0,-85.0
28.0,-86.0,29.0,-85.0
27.0,-86.0,28.0,-85.0
26.0,-86.0,27.0,-85.0
25.0,-86.0,26.0,-85.0
40.0,-85.0,41.0,-84.0
39.0,-85.0,40.0,-84.0
38.0,-85.0,39.0,-84.0
37.0,-85.0,38.0,-84.0
44.0,-85.0,45.0,-84.0
43.0,-85.0,44.0,-84.0
42.0,-85.0,43.0,-84.0
41.0,-85.0,42.0,-84.0
48.0,-85.0,49.0,-84.0
47.0,-85.0,48.0,-84.0
46.0,-85.0,47.0,-84.0
45.0,-85.0,46.0,-84.0
52.0,-85.0,53.0,-84.0
51.0,-85.0,52.0,-84.0
50.0,-85.0,51.0,-84.0
49.0,-85.0,50.0,-84.0
40.0,-83.0,41.0,-82.0
39.0,-83.0,40.0,-82.0
38.0,-83.0,39.0,-82.0
37.0,-83.0,38.0,-82.0
44.0,-83.0,45.0,-82.0
43.0,-83.0,44.0,-82.0
42.0,-83.0,43.0,-82.0
41.0,-83.0,42.0,-82.0
48.0,-83.0,49.0,-82.0
47.0,-83.0,48.0,-82.0
46.0,-83.0,47.0,-82.0
45.0,-83.0,46.0,-82.0
52.0,-83.0,53.0,-82.0
51.0,-83.0,52.0,-82.0
50.0,-83.0,51.0,-82.0
49.0,-83.0,50.0,-82.0
24.0,-83.0,25.0,-82.0
23.0,-83.0,24.0,-82.0
22.0,-83.0,23.0,-82.0
21.0,-83.0,22.0,-82.0
28.0,-83.0,29.0,-82.0
27.0,-83.0,28.0,-82.0
26.0,-83.0,27.0,-82.0
25.0,-83.0,26.0,-82.0
32.0,-83.0,33.0,-82.0
31.0,-83.0,32.0,-82.0
30.0,-83.0,31.0,-82.0
29.0,-83.0,30.0,-82.0
36.0,-83.0,37.0,-82.0
35.0,-83.0,36.0,-82.0
34.0,-83.0,35.0,-82.0
33.0,-83.0,34.0,-82.0
32.0,-84.0,33.0,-83.0
31.0,-84.0,32.0,-83.0
30.0,-84.0,31.0,-83.0
29.0,-84.0,30.0,-83.0
36.0,-84.0,37.0,-83.0
35.0,-84.0,36.0,-83.0
34.0,-84.0,35.0,-83.0
33.0,-84.0,34.0,-83.0
40.0,-84.0,41.0,-83.0
39.0,-84.0,40.0,-83.0
38.0,-84.0,39.0,-83.0
37.0,-84.0,38.0,-83.0
44.0,-84.0,45.0,-83.0
43.0,-84.0,44.0,-83.0
42.0,-84.0,43.0,-83.0
41.0,-84.0,42.0,-83.0
56.0,-83.0,57.0,-82.0
55.0,-83.0,56.0,-82.0
54.0,-83.0,55.0,-82.0
53.0,-83.0,54.0,-82.0
20.0,-84.0,21.0,-83.0
59.0,-83.0,60.0,-82.0
58.0,-83.0,59.0,-82.0
57.0,-83.0,58.0,-82.0
24.0,-84.0,25.0,-83.0
23.0,-84.0,24.0,-83.0
22.0,-84.0,23.0,-83.0
21.0,-84.0,22.0,-83.0
28.0,-84.0,29.0,-83.0
27.0,-84.0,28.0,-83.0
26.0,-84.0,27.0,-83.0
25.0,-84.0,26.0,-83.0
56.0,-81.0,57.0,-80.0
55.0,-81.0,56.0,-80.0
54.0,-81.0,55.0,-80.0
53.0,-81.0,54.0,-80.0
20.0,-82.0,21.0,-81.0
59.0,-81.0,60.0,-80.0
58.0,-81.0,59.0,-80.0
57.0,-81.0,58.0,-80.0
24.0,-82.0,25.0,-81.0
23.0,-82.0,24.0,-81.0
22.0,-82.0,23.0,-81.0
21.0,-82.0,22.0,-81.0
28.0,-82.0,29.0,-81.0
27.0,-82.0,28.0,-81.0
26.0,-82.0,27.0,-81.0
25.0,-82.0,26.0,-81.0
40.0,-81.0,41.0,-80.0
39.0,-81.0,40.0,-80.0
38.0,-81.0,39.0,-80.0
37.0,-81.0,38.0,-80.0
44.0,-81.0,45.0,-80.0
43.0,-81.0,44.0,-80.0
42.0,-81.0,43.0,-80.0
41.0,-81.0,42.0,-80.0
48.0,-81.0,49.0,-80.0
47.0,-81.0,48.0,-80.0
46.0,-81.0,47.0,-80.0
45.0,-81.0,46.0,-80.0
52.0,-81.0,53.0,-80.0
51.0,-81.0,52.0,-80.0
50.0,-81.0,51.0,-80.0
49.0,-81.0,50.0,-80.0
48.0,-82.0,49.0,-81.0
47.0,-82.0,48.0,-81.0
46.0,-82.0,47.0,-81.0
45.0,-82.0,46.0,-81.0
52.0,-82.0,53.0,-81.0
51.0,-82.0,52.0,-81.0
50.0,-82.0,51.0,-81.0
49.0,-82.0,50.0,-81.0
56.0,-82.0,57.0,-81.0
55.0,-82.0,56.0,-81.0
54.0,-82.0,55.0,-81.0
53.0,-82.0,54.0,-81.0
20.0,-83.0,21.0,-82.0
59.0,-82.0,60.0,-81.0
58.0,-82.0,59.0,-81.0
57.0,-82.0,58.0,-81.0
32.0,-82.0,33.0,-81.0
31.0,-82.0,32.0,-81.0
30.0,-82.0,31.0,-81.0
29.0,-82.0,30.0,-81.0
36.0,-82.0,37.0,-81.0
35.0,-82.0,36.0,-81.0
34.0,-82.0,35.0,-81.0
33.0,-82.0,34.0,-81.0
40.0,-82.0,41.0,-81.0
39.0,-82.0,40.0,-81.0
38.0,-82.0,39.0,-81.0
37.0,-82.0,38.0,-81.0
44.0,-82.0,45.0,-81.0
43.0,-82.0,44.0,-81.0
42.0,-82.0,43.0,-81.0
41.0,-82.0,42.0,-81.0
32.0,-80.0,33.0,-79.0
31.0,-80.0,32.0,-79.0
30.0,-80.0,31.0,-79.0
29.0,-80.0,30.0,-79.0
36.0,-80.0,37.0,-79.0
35.0,-80.0,36.0,-79.0
34.0,-80.0,35.0,-79.0
33.0,-80.0,34.0,-79.0
40.0,-80.0,41.0,-79.0
39.0,-80.0,40.0,-79.0
38.0,-80.0,39.0,-79.0
37.0,-80.0,38.0,-79.0
44.0,-80.0,45.0,-79.0
43.0,-80.0,44.0,-79.0
42.0,-80.0,43.0,-79.0
41.0,-80.0,42.0,-79.0
56.0,-79.0,57.0,-78.0
55.0,-79.0,56.0,-78.0
54.0,-79.0,55.0,-78.0
53.0,-79.0,54.0,-78.0
20.0,-80.0,21.0,-79.0
59.0,-79.0,60.0,-78.0
58.0,-79.0,59.0,-78.0
57.0,-79.0,58.0,-78.0
24.0,-80.0,25.0,-79.0
23.0,-80.0,24.0,-79.0
22.0,-80.0,23.0,-79.0
21.0,-80.0,22.0,-79.0
28.0,-80.0,29.0,-79.0
27.0,-80.0,28.0,-79.0
26.0,-80.0,27.0,-79.0
25.0,-80.0,26.0,-79.0
24.0,-81.0,25.0,-80.0
23.0,-81.0,24.0,-80.0
22.0,-81.0,23.0,-80.0
21.0,-81.0,22.0,-80.0
28.0,-81.0,29.0,-80.0
27.0,-81.0,28.0,-80.0
26.0,-81.0,27.0,-80.0
25.0,-81.0,26.0,-80.0
32.0,-81.0,33.0,-80.0
31.0,-81.0,32.0,-80.0
30.0,-81.0,31.0,-80.0
29.0,-81.0,30.0,-80.0
36.0,-81.0,37.0,-80.0
35.0,-81.0,36.0,-80.0
34.0,-81.0,35.0,-80.0
33.0,-81.0,34.0,-80.0
48.0,-80.0,49.0,-79.0
47.0,-80.0,48.0,-79.0
46.0,-80.0,47.0,-79.0
45.0,-80.0,46.0,-79.0
52.0,-80.0,53.0,-79.0
51.0,-80.0,52.0,-79.0
50.0,-80.0,51.0,-79.0
49.0,-80.0,50.0,-79.0
56.0,-80.0,57.0,-79.0
55.0,-80.0,56.0,-79.0
54.0,-80.0,55.0,-79.0
53.0,-80.0,54.0,-79.0
20.0,-81.0,21.0,-80.0
59.0,-80.0,60.0,-79.0
58.0,-80.0,59.0,-79.0
57.0,-80.0,58.0,-79.0
32.0,-104.0,33.0,-103.0
31.0,-104.0,32.0,-103.0
30.0,-104.0,31.0,-103.0
29.0,-104.0,30.0,-103.0
36.0,-104.0,37.0,-103.0
35.0,-104.0,36.0,-103.0
34.0,-104.0,35.0,-103.0
33.0,-104.0,34.0,-103.0
40.0,-104.0,41.0,-103.0
39.0,-104.0,40.0,-103.0
38.0,-104.0,39.0,-103.0
37.0,-104.0,38.0,-103.0
44.0,-104.0,45.0,-103.0
43.0,-104.0,44.0,-103.0
42.0,-104.0,43.0,-103.0
41.0,-104.0,42.0,-103.0
56.0,-103.0,57.0,-102.0
55.0,-103.0,56.0,-102.0
54.0,-103.0,55.0,-102.0
53.0,-103.0,54.0,-102.0
20.0,-104.0,21.0,-103.0
58.0,-103.0,59.0,-102.0
57.0,-103.0,58.0,-102.0
24.0,-104.0,25.0,-103.0
23.0,-104.0,24.0,-103.0
22.0,-104.0,23.0,-103.0
21.0,-104.0,22.0,-103.0
28.0,-104.0,29.0,-103.0
27.0,-104.0,28.0,-103.0
26.0,-104.0,27.0,-103.0
25.0,-104.0,26.0,-103.0
24.0,-105.0,25.0,-104.0
23.0,-105.0,24.0,-104.0
22.0,-105.0,23.0,-104.0
21.0,-105.0,22.0,-104.0
28.0,-105.0,29.0,-104.0
27.0,-105.0,28.0,-104.0
26.0,-105.0,27.0,-104.0
25.0,-105.0,26.0,-104.0
32.0,-105.0,33.0,-104.0
31.0,-105.0,32.0,-104.0
30.0,-105.0,31.0,-104.0
29.0,-105.0,30.0,-104.0
36.0,-105.0,37.0,-104.0
35.0,-105.0,36.0,-104.0
34.0,-105.0,35.0,-104.0
33.0,-105.0,34.0,-104.0
48.0,-104.0,49.0,-103.0
47.0,-104.0,48.0,-103.0
46.0,-104.0,47.0,-103.0
45.0,-104.0,46.0,-103.0
52.0,-104.0,53.0,-103.0
51.0,-104.0,52.0,-103.0
50.0,-104.0,51.0,-103.0
49.0,-104.0,50.0,-103.0
56.0,-104.0,57.0,-103.0
55.0,-104.0,56.0,-103.0
54.0,-104.0,55.0,-103.0
53.0,-104.0,54.0,-103.0
20.0,-105.0,21.0,-104.0
58.0,-104.0,59.0,-103.0
57.0,-104.0,58.0,-103.0
48.0,-102.0,49.0,-101.0
47.0,-102.0,48.0,-101.0
46.0,-102.0,47.0,-101.0
45.0,-102.0,46.0,-101.0
52.0,-102.0,53.0,-101.0
51.0,-102.0,52.0,-101.0
50.0,-102.0,51.0,-101.0
49.0,-102.0,50.0,-101.0
56.0,-102.0,57.0,-101.0
55.0,-102.0,56.0,-101.0
54.0,-102.0,55.0,-101.0
53.0,-102.0,54.0,-101.0
20.0,-103.0,21.0,-102.0
58.0,-102.0,59.0,-101.0
57.0,-102.0,58.0,-101.0
32.0,-102.0,33.0,-101.0
31.0,-102.0,32.0,-101.0
30.0,-102.0,31.0,-101.0
29.0,-102.0,30.0,-101.0
36.0,-102.0,37.0,-101.0
35.0,-102.0,36.0,-101.0
34.0,-102.0,35.0,-101.0
33.0,-102.0,34.0,-101.0
40.0,-102.0,41.0,-101.0
39.0,-102.0,40.0,-101.0
38.0,-102.0,39.0,-101.0
37.0,-102.0,38.0,-101.0
44.0,-102.0,45.0,-101.0
43.0,-102.0,44.0,-101.0
42.0,-102.0,43.0,-101.0
41.0,-102.0,42.0,-101.0
40.0,-103.0,41.0,-102.0
39.0,-103.0,40.0,-102.0
38.0,-103.0,39.0,-102.0
37.0,-103.0,38.0,-102.0
44.0,-103.0,45.0,-102.0
43.0,-103.0,44.0,-102.0
42.0,-103.0,43.0,-102.0
41.0,-103.0,42.0,-102.0
48.0,-103.0,49.0,-102.0
47.0,-103.0,48.0,-102.0
46.0,-103.0,47.0,-102.0
45.0,-103.0,46.0,-102.0
52.0,-103.0,53.0,-102.0
51.0,-103.0,52.0,-102.0
50.0,-103.0,51.0,-102.0
49.0,-103.0,50.0,-102.0
24.0,-103.0,25.0,-102.0
23.0,-103.0,24.0,-102.0
22.0,-103.0,23.0,-102.0
21.0,-103.0,22.0,-102.0
28.0,-103.0,29.0,-102.0
27.0,-103.0,28.0,-102.0
26.0,-103.0,27.0,-102.0
25.0,-103.0,26.0,-102.0
32.0,-103.0,33.0,-102.0
31.0,-103.0,32.0,-102.0
30.0,-103.0,31.0,-102.0
29.0,-103.0,30.0,-102.0
36.0,-103.0,37.0,-102.0
35.0,-103.0,36.0,-102.0
34.0,-103.0,35.0,-102.0
33.0,-103.0,34.0,-102.0
24.0,-101.0,25.0,-100.0
23.0,-101.0,24.0,-100.0
22.0,-101.0,23.0,-100.0
21.0,-101.0,22.0,-100.0
28.0,-101.0,29.0,-100.0
27.0,-101.0,28.0,-100.0
26.0,-101.0,27.0,-100.0
25.0,-101.0,26.0,-100.0
32.0,-101.0,33.0,-100.0
31.0,-101.0,32.0,-100.0
30.0,-101.0,31.0,-100.0
29.0,-101.0,30.0,-100.0
36.0,-101.0,37.0,-100.0
35.0,-101.0,36.0,-100.0
34.0,-101.0,35.0,-100.0
33.0,-101.0,34.0,-100.0
48.0,-100.0,49.0,-99.0
47.0,-100.0,48.0,-99.0
46.0,-100.0,47.0,-99.0
45.0,-100.0,46.0,-99.0
52.0,-100.0,53.0,-99.0
51.0,-100.0,52.0,-99.0
50.0,-100.0,51.0,-99.0
49.0,-100.0,50.0,-99.0
56.0,-100.0,57.0,-99.0
55.0,-100.0,56.0,-99.0
54.0,-100.0,55.0,-99.0
53.0,-100.0,54.0,-99.0
20.0,-101.0,21.0,-100.0
58.0,-100.0,59.0,-99.0
57.0,-100.0,58.0,-99.0
56.0,-101.0,57.0,-100.0
55.0,-101.0,56.0,-100.0
54.0,-101.0,55.0,-100.0
53.0,-101.0,54.0,-100.0
20.0,-102.0,21.0,-101.0
58.0,-101.0,59.0,-100.0
57.0,-101.0,58.0,-100.0
24.0,-102.0,25.0,-101.0
23.0,-102.0,24.0,-101.0
22.0,-102.0,23.0,-101.0
21.0,-102.0,22.0,-101.0
28.0,-102.0,29.0,-101.0
27.0,-102.0,28.0,-101.0
26.0,-102.0,27.0,-101.0
25.0,-102.0,26.0,-101.0
40.0,-101.0,41.0,-100.0
39.0,-101.0,40.0,-100.0
38.0,-101.0,39.0,-100.0
37.0,-101.0,38.0,-100.0
44.0,-101.0,45.0,-100.0
43.0,-101.0,44.0,-100.0
42.0,-101.0,43.0,-100.0
41.0,-101.0,42.0,-100.0
48.0,-101.0,49.0,-100.0
47.0,-101.0,48.0,-100.0
46.0,-101.0,47.0,-100.0
45.0,-101.0,46.0,-100.0
52.0,-101.0,53.0,-100.0
51.0,-101.0,52.0,-100.0
50.0,-101.0,51.0,-100.0
49.0,-101.0,50.0,-100.0
40.0,-99.0,41.0,-98.0
39.0,-99.0,40.0,-98.0
38.0,-99.0,39.0,-98.0
37.0,-99.0,38.0,-98.0
44.0,-99.0,45.0,-98.0
43.0,-99.0,44.0,-98.0
42.0,-99.0,43.0,-98.0
41.0,-99.0,42.0,-98.0
48.0,-99.0,49.0,-98.0
47.0,-99.0,48.0,-98.0
46.0,-99.0,47.0,-98.0
45.0,-99.0,46.0,-98.0
52.0,-99.0,53.0,-98.0
51.0,-99.0,52.0,-98.0
50.0,-99.0,51.0,-98.0
49.0,-99.0,50.0,-98.0
24.0,-99.0,25.0,-98.0
23.0,-99.0,24.0,-98.0
22.0,-99.0,23.0,-98.0
21.0,-99.0,22.0,-98.0
28.0,-99.0,29.0,-98.0
27.0,-99.0,28.0,-98.0
26.0,-99.0,27.0,-98.0
25.0,-99.0,26.0,-98.0
32.0,-99.0,33.0,-98.0
31.0,-99.0,32.0,-98.0
30.0,-99.0,31.0,-98.0
29.0,-99.0,30.0,-98.0
36.0,-99.0,37.0,-98.0
35.0,-99.0,36.0,-98.0
34.0,-99.0,35.0,-98.0
33.0,-99.0,34.0,-98.0
32.0,-100.0,33.0,-99.0
31.0,-100.0,32.0,-99.0
30.0,-100.0,31.0,-99.0
29.0,-100.0,30.0,-99.0
36.0,-100.0,37.0,-99.0
35.0,-100.0,36.0,-99.0
34.0,-100.0,35.0,-99.0
33.0,-100.0,34.0,-99.0
40.0,-100.0,41.0,-99.0
39.0,-100.0,40.0,-99.0
38.0,-100.0,39.0,-99.0
37.0,-100.0,38.0,-99.0
44.0,-100.0,45.0,-99.0
43.0,-100.0,44.0,-99.0
42.0,-100.0,43.0,-99.0
41.0,-100.0,42.0,-99.0
56.0,-99.0,57.0,-98.0
55.0,-99.0,56.0,-98.0
54.0,-99.0,55.0,-98.0
53.0,-99.0,54.0,-98.0
20.0,-100.0,21.0,-99.0
58.0,-99.0,59.0,-98.0
57.0,-99.0,58.0,-98.0
24.0,-100.0,25.0,-99.0
23.0,-100.0,24.0,-99.0
22.0,-100.0,23.0,-99.0
21.0,-100.0,22.0,-99.0
28.0,-100.0,29.0,-99.0
27.0,-100.0,28.0,-99.0
26.0,-100.0,27.0,-99.0
25.0,-100.0,26.0,-99.0
56.0,-97.0,57.0,-96.0
55.0,-97.0,56.0,-96.0
54.0,-97.0,55.0,-96.0
53.0,-97.0,54.0,-96.0
20.0,-98.0,21.0,-97.0
58.0,-97.0,59.0,-96.0
57.0,-97.0,58.0,-96.0
24.0,-98.0,25.0,-97.0
23.0,-98.0,24.0,-97.0
22.0,-98.0,23.0,-97.0
21.0,-98.0,22.0,-97.0
28.0,-98.0,29.0,-97.0
27.0,-98.0,28.0,-97.0
26.0,-98.0,27.0,-97.0
25.0,-98.0,26.0,-97.0
40.0,-97.0,41.0,-96.0
39.0,-97.0,40.0,-96.0
38.0,-97.0,39.0,-96.0
37.0,-97.0,38.0,-96.0
44.0,-97.0,45.0,-96.0
43.0,-97.0,44.0,-96.0
42.0,-97.0,43.0,-96.0
41.0,-97.0,42.0,-96.0
48.0,-97.0,49.0,-96.0
47.0,-97.0,48.0,-96.0
46.0,-97.0,47.0,-96.0
45.0,-97.0,46.0,-96.0
52.0,-97.0,53.0,-96.0
51.0,-97.0,52.0,-96.0
50.0,-97.0,51.0,-96.0
49.0,-97.0,50.0,-96.0
48.0,-98.0,49.0,-97.0
47.0,-98.0,48.0,-97.0
46.0,-98.0,47.0,-97.0
45.0,-98.0,46.0,-97.0
52.0,-98.0,53.0,-97.0
51.0,-98.0,52.0,-97.0
50.0,-98.0,51.0,-97.0
49.0,-98.0,50.0,-97.0
56.0,-98.0,57.0,-97.0
55.0,-98.0,56.0,-97.0
54.0,-98.0,55.0,-97.0
53.0,-98.0,54.0,-97.0
20.0,-99.0,21.0,-98.0
58.0,-98.0,59.0,-97.0
57.0,-98.0,58.0,-97.0
32.0,-98.0,33.0,-97.0
31.0,-98.0,32.0,-97.0
30.0,-98.0,31.0,-97.0
29.0,-98.0,30.0,-97.0
36.0,-98.0,37.0,-97.0
35.0,-98.0,36.0,-97.0
34.0,-98.0,35.0,-97.0
33.0,-98.0,34.0,-97.0
40.0,-98.0,41.0,-97.0
39.0,-98.0,40.0,-97.0
38.0,-98.0,39.0,-97.0
37.0,-98.0,38.0,-97.0
44.0,-98.0,45.0,-97.0
43.0,-98.0,44.0,-97.0
42.0,-98.0,43.0,-97.0
41.0,-98.0,42.0,-97.0
32.0,-96.0,33.0,-95.0
31.0,-96.0,32.0,-95.0
30.0,-96.0,31.0,-95.0
29.0,-96.0,30.0,-95.0
36.0,-96.0,37.0,-95.0
35.0,-96.0,36.0,-95.0
34.0,-96.0,35.0,-95.0
33.0,-96.0,34.0,-95.0
40.0,-96.0,41.0,-95.0
39.0,-96.0,40.0,-95.0
38.0,-96.0,39.0,-95.0
37.0,-96.0,38.0,-95.0
44.0,-96.0,45.0,-95.0
43.0,-96.0,44.0,-95.0
42.0,-96.0,43.0,-95.0
41.0,-96.0,42.0,-95.0
56.0,-95.0,57.0,-94.0
55.0,-95.0,56.0,-94.0
54.0,-95.0,55.0,-94.0
53.0,-95.0,54.0,-94.0
20.0,-96.0,21.0,-95.0
58.0,-95.0,59.0,-94.0
57.0,-95.0,58.0,-94.0
24.0,-96.0,25.0,-95.0
23.0,-96.0,24.0,-95.0
22.0,-96.0,23.0,-95.0
21.0,-96.0,22.0,-95.0
28.0,-96.0,29.0,-95.0
27.0,-96.0,28.0,-95.0
26.0,-96.0,27.0,-95.0
25.0,-96.0,26.0,-95.0
24.0,-97.0,25.0,-96.0
23.0,-97.0,24.0,-96.0
22.0,-97.0,23.0,-96.0
21.0,-97.0,22.0,-96.0
28.0,-97.0,29.0,-96.0
27.0,-97.0,28.0,-96.0
26.0,-97.0,27.0,-96.0
25.0,-97.0,26.0,-96.0
32.0,-97.0,33.0,-96.0
31.0,-97.0,32.0,-96.0
30.0,-97.0,31.0,-96.0
29.0,-97.0,30.0,-96.0
36.0,-97.0,37.0,-96.0
35.0,-97.0,36.0,-96.0
34.0,-97.0,35.0,-96.0
33.0,-97.0,34.0,-96.0
48.0,-96.0,49.0,-95.0
47.0,-96.0,48.0,-95.0
46.0,-96.0,47.0,-95.0
45.0,-96.0,46.0,-95.0
52.0,-96.0,53.0,-95.0
51.0,-96.0,52.0,-95.0
50.0,-96.0,51.0,-95.0
49.0,-96.0,50.0,-95.0
56.0,-96.0,57.0,-95.0
55.0,-96.0,56.0,-95.0
54.0,-96.0,55.0,-95.0
53.0,-96.0,54.0,-95.0
20.0,-97.0,21.0,-96.0
58.0,-96.0,59.0,-95.0
57.0,-96.0,58.0,-95.0
48.0,-94.0,49.0,-93.0
47.0,-94.0,48.0,-93.0
46.0,-94.0,47.0,-93.0
45.0,-94.0,46.0,-93.0
52.0,-94.0,53.0,-93.0
51.0,-94.0,52.0,-93.0
50.0,-94.0,51.0,-93.0
49.0,-94.0,50.0,-93.0
56.0,-94.0,57.0,-93.0
55.0,-94.0,56.0,-93.0
54.0,-94.0,55.0,-93.0
53.0,-94.0,54.0,-93.0
20.0,-95.0,21.0,-94.0
58.0,-94.0,59.0,-93.0
57.0,-94.0,58.0,-93.0
32.0,-94.0,33.0,-93.0
31.0,-94.0,32.0,-93.0
30.0,-94.0,31.0,-93.0
29.0,-94.0,30.0,-93.0
36.0,-94.0,37.0,-93.0
35.0,-94.0,36.0,-93.0
34.0,-94.0,35.0,-93.0
33.0,-94.0,34.0,-93.0
40.0,-94.0,41.0,-93.0
39.0,-94.0,40.0,-93.0
38.0,-94.0,39.0,-93.0
37.0,-94.0,38.0,-93.0
44.0,-94.0,45.0,-93.0
43.0,-94.0,44.0,-93.0
42.0,-94.0,43.0,-93.0
41.0,-94.0,42.0,-93.0
40.0,-95.0,41.0,-94.0
39.0,-95.0,40.0,-94.0
38.0,-95.0,39.0,-94.0
37.0,-95.0,38.0,-94.0
44.0,-95.0,45.0,-94.0
43.0,-95.0,44.0,-94.0
42.0,-95.0,43.0,-94.0
41.0,-95.0,42.0,-94.0
48.0,-95.0,49.0,-94.0
47.0,-95.0,48.0,-94.0
46.0,-95.0,47.0,-94.0
45.0,-95.0,46.0,-94.0
52.0,-95.0,53.0,-94.0
51.0,-95.0,52.0,-94.0
50.0,-95.0,51.0,-94.0
49.0,-95.0,50.0,-94.0
24.0,-95.0,25.0,-94.0
23.0,-95.0,24.0,-94.0
22.0,-95.0,23.0,-94.0
21.0,-95.0,22.0,-94.0
28.0,-95.0,29.0,-94.0
27.0,-95.0,28.0,-94.0
26.0,-95.0,27.0,-94.0
25.0,-95.0,26.0,-94.0
32.0,-95.0,33.0,-94.0
31.0,-95.0,32.0,-94.0
30.0,-95.0,31.0,-94.0
29.0,-95.0,30.0,-94.0
36.0,-95.0,37.0,-94.0
35.0,-95.0,36.0,-94.0
34.0,-95.0,35.0,-94.0
33.0,-95.0,34.0,-94.0
24.0,-93.0,25.0,-92.0
23.0,-93.0,24.0,-92.0
22.0,-93.0,23.0,-92.0
21.0,-93.0,22.0,-92.0
28.0,-93.0,29.0,-92.0
27.0,-93.0,28.0,-92.0
26.0,-93.0,27.0,-92.0
25.0,-93.0,26.0,-92.0
32.0,-93.0,33.0,-92.0
31.0,-93.0,32.0,-92.0
30.0,-93.0,31.0,-92.0
29.0,-93.0,30.0,-92.0
36.0,-93.0,37.0,-92.0
35.0,-93.0,36.0,-92.0
34.0,-93.0,35.0,-92.0
33.0,-93.0,34.0,-92.0
48.0,-92.0,49.0,-91.0
47.0,-92.0,48.0,-91.0
46.0,-92.0,47.0,-91.0
45.0,-92.0,46.0,-91.0
52.0,-92.0,53.0,-91.0
51.0,-92.0,52.0,-91.0
50.0,-92.0,51.0,-91.0
49.0,-92.0,50.0,-91.0
56.0,-92.0,57.0,-91.0
55.0,-92.0,56.0,-91.0
54.0,-92.0,55.0,-91.0
53.0,-92.0,54.0,-91.0
20.0,-93.0,21.0,-92.0
58.0,-92.0,59.0,-91.0
57.0,-92.0,58.0,-91.0
56.0,-93.0,57.0,-92.0
55.0,-93.0,56.0,-92.0
54.0,-93.0,55.0,-92.0
53.0,-93.0,54.0,-92.0
20.0,-94.0,21.0,-93.0
58.0,-93.0,59.0,-92.0
57.0,-93.0,58.0,-92.0
24.0,-94.0,25.0,-93.0
23.0,-94.0,24.0,-93.0
22.0,-94.0,23.0,-93.0
21.0,-94.0,22.0,-93.0
28.0,-94.0,29.0,-93.0
27.0,-94.0,28.0,-93.0
26.0,-94.0,27.0,-93.0
25.0,-94.0,26.0,-93.0
40.0,-93.0,41.0,-92.0
39.0,-93.0,40.0,-92.0
38.0,-93.0,39.0,-92.0
37.0,-93.0,38.0,-92.0
44.0,-93.0,45.0,-92.0
43.0,-93.0,44.0,-92.0
42.0,-93.0,43.0,-92.0
41.0,-93.0,42.0,-92.0
48.0,-93.0,49.0,-92.0
47.0,-93.0,48.0,-92.0
46.0,-93.0,47.0,-92.0
45.0,-93.0,46.0,-92.0
52.0,-93.0,53.0,-92.0
51.0,-93.0,52.0,-92.0
50.0,-93.0,51.0,-92.0
49.0,-93.0,50.0,-92.0
24.0,-117.0,25.0,-116.0
28.0,-117.0,29.0,-116.0
27.0,-117.0,28.0,-116.0
26.0,-117.0,27.0,-116.0
25.0,-117.0,26.0,-116.0
32.0,-117.0,33.0,-116.0
31.0,-117.0,32.0,-116.0
30.0,-117.0,31.0,-116.0
29.0,-117.0,30.0,-116.0
36.0,-117.0,37.0,-116.0
35.0,-117.0,36.0,-116.0
34.0,-117.0,35.0,-116.0
33.0,-117.0,34.0,-116.0
48.0,-116.0,49.0,-115.0
47.0,-116.0,48.0,-115.0
46.0,-116.0,47.0,-115.0
45.0,-116.0,46.0,-115.0
52.0,-116.0,53.0,-115.0
51.0,-116.0,52.0,-115.0
50.0,-116.0,51.0,-115.0
49.0,-116.0,50.0,-115.0
56.0,-116.0,57.0,-115.0
55.0,-116.0,56.0,-115.0
54.0,-116.0,55.0,-115.0
53.0,-116.0,54.0,-115.0
58.0,-116.0,59.0,-115.0
57.0,-116.0,58.0,-115.0
56.0,-117.0,57.0,-116.0
55.0,-117.0,56.0,-116.0
54.0,-117.0,55.0,-116.0
53.0,-117.0,54.0,-116.0
58.0,-117.0,59.0,-116.0
57.0,-117.0,58.0,-116.0
28.0,-118.0,29.0,-117.0
27.0,-118.0,28.0,-117.0
26.0,-118.0,27.0,-117.0
25.0,-118.0,26.0,-117.0
40.0,-117.0,41.0,-116.0
39.0,-117.0,40.0,-116.0
38.0,-117.0,39.0,-116.0
37.0,-117.0,38.0,-116.0
44.0,-117.0,45.0,-116.0
43.0,-117.0,44.0,-116.0
42.0,-117.0,43.0,-116.0
41.0,-117.0,42.0,-116.0
48.0,-117.0,49.0,-116.0
47.0,-117.0,48.0,-116.0
46.0,-117.0,47.0,-116.0
45.0,-117.0,46.0,-116.0
52.0,-117.0,53.0,-116.0
51.0,-117.0,52.0,-116.0
50.0,-117.0,51.0,-116.0
49.0,-117.0,50.0,-116.0
40.0,-115.0,41.0,-114.0
39.0,-115.0,40.0,-114.0
38.0,-115.0,39.0,-114.0
37.0,-115.0,38.0,-114.0
44.0,-115.0,45.0,-114.0
43.0,-115.0,44.0,-114.0
42.0,-115.0,43.0,-114.0
41.0,-115.0,42.0,-114.0
48.0,-115.0,49.0,-114.0
47.0,-115.0,48.0,-114.0
46.0,-115.0,47.0,-114.0
45.0,-115.0,46.0,-114.0
52.0,-115.0,53.0,-114.0
51.0,-115.0,52.0,-114.0
50.0,-115.0,51.0,-114.0
49.0,-115.0,50.0,-114.0
24.0,-115.0,25.0,-114.0
23.0,-115.0,24.0,-114.0
22.0,-115.0,23.0,-114.0
28.0,-115.0,29.0,-114.0
27.0,-115.0,28.0,-114.0
26.0,-115.0,27.0,-114.0
25.0,-115.0,26.0,-114.0
32.0,-115.0,33.0,-114.0
31.0,-115.0,32.0,-114.0
30.0,-115.0,31.0,-114.0
29.0,-115.0,30.0,-114.0
36.0,-115.0,37.0,-114.0
35.0,-115.0,36.0,-114.0
34.0,-115.0,35.0,-114.0
33.0,-115.0,34.0,-114.0
32.0,-116.0,33.0,-115.0
31.0,-116.0,32.0,-115.0
30.0,-116.0,31.0,-115.0
29.0,-116.0,30.0,-115.0
36.0,-116.0,37.0,-115.0
35.0,-116.0,36.0,-115.0
34.0,-116.0,35.0,-115.0
33.0,-116.0,34.0,-115.0
40.0,-116.0,41.0,-115.0
39.0,-116.0,40.0,-115.0
38.0,-116.0,39.0,-115.0
37.0,-116.0,38.0,-115.0
44.0,-116.0,45.0,-115.0
43.0,-116.0,44.0,-115.0
42.0,-116.0,43.0,-115.0
41.0,-116.0,42.0,-115.0
56.0,-115.0,57.0,-114.0
55.0,-115.0,56.0,-114.0
54.0,-115.0,55.0,-114.0
53.0,-115.0,54.0,-114.0
58.0,-115.0,59.0,-114.0
57.0,-115.0,58.0,-114.0
24.0,-116.0,25.0,-115.0
23.0,-116.0,24.0,-115.0
28.0,-116.0,29.0,-115.0
27.0,-116.0,28.0,-115.0
26.0,-116.0,27.0,-115.0
25.0,-116.0,26.0,-115.0
56.0,-113.0,57.0,-112.0
55.0,-113.0,56.0,-112.0
54.0,-113.0,55.0,-112.0
53.0,-113.0,54.0,-112.0
58.0,-113.0,59.0,-112.0
57.0,-113.0,58.0,-112.0
24.0,-114.0,25.0,-113.0
23.0,-114.0,24.0,-113.0
22.0,-114.0,23.0,-113.0
21.0,-114.0,22.0,-113.0
28.0,-114.0,29.0,-113.0
27.0,-114.0,28.0,-113.0
26.0,-114.0,27.0,-113.0
25.0,-114.0,26.0,-113.0
40.0,-113.0,41.0,-112.0
39.0,-113.0,40.0,-112.0
38.0,-113.0,39.0,-112.0
37.0,-113.0,38.0,-112.0
44.0,-113.0,45.0,-112.0
43.0,-113.0,44.0,-112.0
42.0,-113.0,43.0,-112.0
41.0,-113.0,42.0,-112.0
48.0,-113.0,49.0,-112.0
47.0,-113.0,48.0,-112.0
46.0,-113.0,47.0,-112.0
45.0,-113.0,46.0,-112.0
52.0,-113.0,53.0,-112.0
51.0,-113.0,52.0,-112.0
50.0,-113.0,51.0,-112.0
49.0,-113.0,50.0,-112.0
48.0,-114.0,49.0,-113.0
47.0,-114.0,48.0,-113.0
46.0,-114.0,47.0,-113.0
45.0,-114.0,46.0,-113.0
52.0,-114.0,53.0,-113.0
51.0,-114.0,52.0,-113.0
50.0,-114.0,51.0,-113.0
49.0,-114.0,50.0,-113.0
56.0,-114.0,57.0,-113.0
55.0,-114.0,56.0,-113.0
54.0,-114.0,55.0,-113.0
53.0,-114.0,54.0,-113.0
58.0,-114.0,59.0,-113.0
57.0,-114.0,58.0,-113.0
32.0,-114.0,33.0,-113.0
31.0,-114.0,32.0,-113.0
30.0,-114.0,31.0,-113.0
29.0,-114.0,30.0,-113.0
36.0,-114.0,37.0,-113.0
35.0,-114.0,36.0,-113.0
34.0,-114.0,35.0,-113.0
33.0,-114.0,34.0,-113.0
40.0,-114.0,41.0,-113.0
39.0,-114.0,40.0,-113.0
38.0,-114.0,39.0,-113.0
37.0,-114.0,38.0,-113.0
44.0,-114.0,45.0,-113.0
43.0,-114.0,44.0,-113.0
42.0,-114.0,43.0,-113.0
41.0,-114.0,42.0,-113.0
32.0,-112.0,33.0,-111.0
31.0,-112.0,32.0,-111.0
30.0,-112.0,31.0,-111.0
29.0,-112.0,30.0,-111.0
36.0,-112.0,37.0,-111.0
35.0,-112.0,36.0,-111.0
34.0,-112.0,35.0,-111.0
33.0,-112.0,34.0,-111.0
40.0,-112.0,41.0,-111.0
39.0,-112.0,40.0,-111.0
38.0,-112.0,39.0,-111.0
37.0,-112.0,38.0,-111.0
44.0,-112.0,45.0,-111.0
43.0,-112.0,44.0,-111.0
42.0,-112.0,43.0,-111.0
41.0,-112.0,42.0,-111.0
56.0,-111.0,57.0,-110.0
55.0,-111.0,56.0,-110.0
54.0,-111.0,55.0,-110.0
53.0,-111.0,54.0,-110.0
20.0,-112.0,21.0,-111.0
58.0,-111.0,59.0,-110.0
57.0,-111.0,58.0,-110.0
24.0,-112.0,25.0,-111.0
23.0,-112.0,24.0,-111.0
22.0,-112.0,23.0,-111.0
21.0,-112.0,22.0,-111.0
28.0,-112.0,29.0,-111.0
27.0,-112.0,28.0,-111.0
26.0,-112.0,27.0,-111.0
25.0,-112.0,26.0,-111.0
24.0,-113.0,25.0,-112.0
23.0,-113.0,24.0,-112.0
22.0,-113.0,23.0,-112.0
21.0,-113.0,22.0,-112.0
28.0,-113.0,29.0,-112.0
27.0,-113.0,28.0,-112.0
26.0,-113.0,27.0,-112.0
25.0,-113.0,26.0,-112.0
32.0,-113.0,33.0,-112.0
31.0,-113.0,32.0,-112.0
30.0,-113.0,31.0,-112.0
29.0,-113.0,30.0,-112.0
36.0,-113.0,37.0,-112.0
35.0,-113.0,36.0,-112.0
34.0,-113.0,35.0,-112.0
33.0,-113.0,34.0,-112.0
48.0,-112.0,49.0,-111.0
47.0,-112.0,48.0,-111.0
46.0,-112.0,47.0,-111.0
45.0,-112.0,46.0,-111.0
52.0,-112.0,53.0,-111.0
51.0,-112.0,52.0,-111.0
50.0,-112.0,51.0,-111.0
49.0,-112.0,50.0,-111.0
56.0,-112.0,57.0,-111.0
55.0,-112.0,56.0,-111.0
54.0,-112.0,55.0,-111.0
53.0,-112.0,54.0,-111.0
58.0,-112.0,59.0,-111.0
57.0,-112.0,58.0,-111.0
48.0,-110.0,49.0,-109.0
47.0,-110.0,48.0,-109.0
46.0,-110.0,47.0,-109.0
45.0,-110.0,46.0,-109.0
52.0,-110.0,53.0,-109.0
51.0,-110.0,52.0,-109.0
50.0,-110.0,51.0,-109.0
49.0,-110.0,50.0,-109.0
56.0,-110.0,57.0,-109.0
55.0,-110.0,56.0,-109.0
54.0,-110.0,55.0,-109.0
53.0,-110.0,54.0,-109.0
20.0,-111.0,21.0,-110.0
58.0,-110.0,59.0,-109.0
57.0,-110.0,58.0,-109.0
32.0,-110.0,33.0,-109.0
31.0,-110.0,32.0,-109.0
30.0,-110.0,31.0,-109.0
29.0,-110.0,30.0,-109.0
36.0,-110.0,37.0,-109.0
35.0,-110.0,36.0,-109.0
34.0,-110.0,35.0,-109.0
33.0,-110.0,34.0,-109.0
40.0,-110.0,41.0,-109.0
39.0,-110.0,40.0,-109.0
38.0,-110.0,39.0,-109.0
37.0,-110.0,38.0,-109.0
44.0,-110.0,45.0,-109.0
43.0,-110.0,44.0,-109.0
42.0,-110.0,43.0,-109.0
41.0,-110.0,42.0,-109.0
40.0,-111.0,41.0,-110.0
39.0,-111.0,40.0,-110.0
38.0,-111.0,39.0,-110.0
37.0,-111.0,38.0,-110.0
44.0,-111.0,45.0,-110.0
43.0,-111.0,44.0,-110.0
42.0,-111.0,43.0,-110.0
41.0,-111.0,42.0,-110.0
48.0,-111.0,49.0,-110.0
47.0,-111.0,48.0,-110.0
46.0,-111.0,47.0,-110.0
45.0,-111.0,46.0,-110.0
52.0,-111.0,53.0,-110.0
51.0,-111.0,52.0,-110.0
50.0,-111.0,51.0,-110.0
49.0,-111.0,50.0,-110.0
24.0,-111.0,25.0,-110.0
23.0,-111.0,24.0,-110.0
22.0,-111.0,23.0,-110.0
21.0,-111.0,22.0,-110.0
28.0,-111.0,29.0,-110.0
27.0,-111.0,28.0,-110.0
26.0,-111.0,27.0,-110.0
25.0,-111.0,26.0,-110.0
32.0,-111.0,33.0,-110.0
31.0,-111.0,32.0,-110.0
30.0,-111.0,31.0,-110.0
29.0,-111.0,30.0,-110.0
36.0,-111.0,37.0,-110.0
35.0,-111.0,36.0,-110.0
34.0,-111.0,35.0,-110.0
33.0,-111.0,34.0,-110.0
24.0,-109.0,25.0,-108.0
23.0,-109.0,24.0,-108.0
22.0,-109.0,23.0,-108.0
21.0,-109.0,22.0,-108.0
28.0,-109.0,29.0,-108.0
27.0,-109.0,28.0,-108.0
26.0,-109.0,27.0,-108.0
25.0,-109.0,26.0,-108.0
32.0,-109.0,33.0,-108.0
31.0,-109.0,32.0,-108.0
30.0,-109.0,31.0,-108.0
29.0,-109.0,30.0,-108.0
36.0,-109.0,37.0,-108.0
35.0,-109.0,36.0,-108.0
34.0,-109.0,35.0,-108.0
33.0,-109.0,34.0,-108.0
48.0,-108.0,49.0,-107.0
47.0,-108.0,48.0,-107.0
46.0,-108.0,47.0,-107.0
45.0,-108.0,46.0,-107.0
52.0,-108.0,53.0,-107.0
51.0,-108.0,52.0,-107.0
50.0,-108.0,51.0,-107.0
49.0,-108.0,50.0,-107.0
56.0,-108.0,57.0,-107.0
55.0,-108.0,56.0,-107.0
54.0,-108.0,55.0,-107.0
53.0,-108.0,54.0,-107.0
20.0,-109.0,21.0,-108.0
58.0,-108.0,59.0,-107.0
57.0,-108.0,58.0,-107.0
56.0,-109.0,57.0,-108.0
55.0,-109.0,56.0,-108.0
54.0,-109.0,55.0,-108.0
53.0,-109.0,54.0,-108.0
20.0,-110.0,21.0,-109.0
58.0,-109.0,59.0,-108.0
57.0,-109.0,58.0,-108.0
24.0,-110.0,25.0,-109.0
23.0,-110.0,24.0,-109.0
22.0,-110.0,23.0,-109.0
21.0,-110.0,22.0,-109.0
28.0,-110.0,29.0,-109.0
27.0,-110.0,28.0,-109.0
26.0,-110.0,27.0,-109.0
25.0,-110.0,26.0,-109.0
40.0,-109.0,41.0,-108.0
39.0,-109.0,40.0,-108.0
38.0,-109.0,39.0,-108.0
37.0,-109.0,38.0,-108.0
44.0,-109.0,45.0,-108.0
43.0,-109.0,44.0,-108.0
42.0,-109.0,43.0,-108.0
41.0,-109.0,42.0,-108.0
48.0,-109.0,49.0,-108.0
47.0,-109.0,48.0,-108.0
46.0,-109.0,47.0,-108.0
45.0,-109.0,46.0,-108.0
52.0,-109.0,53.0,-108.0
51.0,-109.0,52.0,-108.0
50.0,-109.0,51.0,-108.0
49.0,-109.0,50.0,-108.0
40.0,-107.0,41.0,-106.0
39.0,-107.0,40.0,-106.0
38.0,-107.0,39.0,-106.0
37.0,-107.0,38.0,-106.0
44.0,-107.0,45.0,-106.0
43.0,-107.0,44.0,-106.0
42.0,-107.0,43.0,-106.0
41.0,-107.0,42.0,-106.0
48.0,-107.0,49.0,-106.0
47.0,-107.0,48.0,-106.0
46.0,-107.0,47.0,-106.0
45.0,-107.0,46.0,-106.0
52.0,-107.0,53.0,-106.0
51.0,-107.0,52.0,-106.0
50.0,-107.0,51.0,-106.0
49.0,-107.0,50.0,-106.0
24.0,-107.0,25.0,-106.0
23.0,-107.0,24.0,-106.0
22.0,-107.0,23.0,-106.0
21.0,-107.0,22.0,-106.0
28.0,-107.0,29.0,-106.0
27.0,-107.0,28.0,-106.0
26.0,-107.0,27.0,-106.0
25.0,-107.0,26.0,-106.0
32.0,-107.0,33.0,-106.0
31.0,-107.0,32.0,-106.0
30.0,-107.0,31.0,-106.0
29.0,-107.0,30.0,-106.0
36.0,-107.0,37.0,-106.0
35.0,-107.0,36.0,-106.0
34.0,-107.0,35.0,-106.0
33.0,-107.0,34.0,-106.0
32.0,-108.0,33.0,-107.0
31.0,-108.0,32.0,-107.0
30.0,-108.0,31.0,-107.0
29.0,-108.0,30.0,-107.0
36.0,-108.0,37.0,-107.0
35.0,-108.0,36.0,-107.0
34.0,-108.0,35.0,-107.0
33.0,-108.0,34.0,-107.0
40.0,-108.0,41.0,-107.0
39.0,-108.0,40.0,-107.0
38.0,-108.0,39.0,-107.0
37.0,-108.0,38.0,-107.0
44.0,-108.0,45.0,-107.0
43.0,-108.0,44.0,-107.0
42.0,-108.0,43.0,-107.0
41.0,-108.0,42.0,-107.0
56.0,-107.0,57.0,-106.0
55.0,-107.0,56.0,-106.0
54.0,-107.0,55.0,-106.0
53.0,-107.0,54.0,-106.0
20.0,-108.0,21.0,-107.0
58.0,-107.0,59.0,-106.0
57.0,-107.0,58.0,-106.0
24.0,-108.0,25.0,-107.0
23.0,-108.0,24.0,-107.0
22.0,-108.0,23.0,-107.0
21.0,-108.0,22.0,-107.0
28.0,-108.0,29.0,-107.0
27.0,-108.0,28.0,-107.0
26.0,-108.0,27.0,-107.0
25.0,-108.0,26.0,-107.0
56.0,-105.0,57.0,-104.0
55.0,-105.0,56.0,-104.0
54.0,-105.0,55.0,-104.0
53.0,-105.0,54.0,-104.0
20.0,-106.0,21.0,-105.0
58.0,-105.0,59.0,-104.0
57.0,-105.0,58.0,-104.0
24.0,-106.0,25.0,-105.0
23.0,-106.0,24.0,-105.0
22.0,-106.0,23.0,-105.0
21.0,-106.0,22.0,-105.0
28.0,-106.0,29.0,-105.0
27.0,-106.0,28.0,-105.0
26.0,-106.0,27.0,-105.0
25.0,-106.0,26.0,-105.0
40.0,-105.0,41.0,-104.0
39.0,-105.0,40.0,-104.0
38.0,-105.0,39.0,-104.0
37.0,-105.0,38.0,-104.0
44.0,-105.0,45.0,-104.0
43.0,-105.0,44.0,-104.0
42.0,-105.0,43.0,-104.0
41.0,-105.0,42.0,-104.0
48.0,-105.0,49.0,-104.0
47.0,-105.0,48.0,-104.0
46.0,-105.0,47.0,-104.0
45.0,-105.0,46.0,-104.0
52.0,-105.0,53.0,-104.0
51.0,-105.0,52.0,-104.0
50.0,-105.0,51.0,-104.0
49.0,-105.0,50.0,-104.0
48.0,-106.0,49.0,-105.0
47.0,-106.0,48.0,-105.0
46.0,-106.0,47.0,-105.0
45.0,-106.0,46.0,-105.0
52.0,-106.0,53.0,-105.0
51.0,-106.0,52.0,-105.0
50.0,-106.0,51.0,-105.0
49.0,-106.0,50.0,-105.0
56.0,-106.0,57.0,-105.0
55.0,-106.0,56.0,-105.0
54.0,-106.0,55.0,-105.0
53.0,-106.0,54.0,-105.0
20.0,-107.0,21.0,-106.0
58.0,-106.0,59.0,-105.0
57.0,-106.0,58.0,-105.0
32.0,-106.0,33.0,-105.0
31.0,-106.0,32.0,-105.0
30.0,-106.0,31.0,-105.0
29.0,-106.0,30.0,-105.0
36.0,-106.0,37.0,-105.0
35.0,-106.0,36.0,-105.0
34.0,-106.0,35.0,-105.0
33.0,-106.0,34.0,-105.0
40.0,-106.0,41.0,-105.0
39.0,-106.0,40.0,-105.0
38.0,-106.0,39.0,-105.0
37.0,-106.0,38.0,-105.0
44.0,-106.0,45.0,-105.0
43.0,-106.0,44.0,-105.0
42.0,-106.0,43.0,-105.0
41.0,-106.0,42.0,-105.0
56.0,-129.0,57.0,-128.0
55.0,-129.0,56.0,-128.0
54.0,-129.0,55.0,-128.0
53.0,-129.0,54.0,-128.0
58.0,-129.0,59.0,-128.0
57.0,-129.0,58.0,-128.0
44.0,-129.0,45.0,-128.0
43.0,-129.0,44.0,-128.0
48.0,-129.0,49.0,-128.0
47.0,-129.0,48.0,-128.0
46.0,-129.0,47.0,-128.0
45.0,-129.0,46.0,-128.0
52.0,-129.0,53.0,-128.0
51.0,-129.0,52.0,-128.0
50.0,-129.0,51.0,-128.0
49.0,-129.0,50.0,-128.0
48.0,-130.0,49.0,-129.0
47.0,-130.0,48.0,-129.0
46.0,-130.0,47.0,-129.0
52.0,-130.0,53.0,-129.0
51.0,-130.0,52.0,-129.0
50.0,-130.0,51.0,-129.0
49.0,-130.0,50.0,-129.0
56.0,-130.0,57.0,-129.0
55.0,-130.0,56.0,-129.0
54.0,-130.0,55.0,-129.0
53.0,-130.0,54.0,-129.0
58.0,-130.0,59.0,-129.0
57.0,-130.0,58.0,-129.0
44.0,-128.0,45.0,-127.0
43.0,-128.0,44.0,-127.0
42.0,-128.0,43.0,-127.0
41.0,-128.0,42.0,-127.0
56.0,-127.0,57.0,-126.0
55.0,-127.0,56.0,-126.0
54.0,-127.0,55.0,-126.0
53.0,-127.0,54.0,-126.0
58.0,-127.0,59.0,-126.0
57.0,-127.0,58.0,-126.0
48.0,-128.0,49.0,-127.0
47.0,-128.0,48.0,-127.0
46.0,-128.0,47.0,-127.0
45.0,-128.0,46.0,-127.0
52.0,-128.0,53.0,-127.0
51.0,-128.0,52.0,-127.0
50.0,-128.0,51.0,-127.0
49.0,-128.0,50.0,-127.0
56.0,-128.0,57.0,-127.0
55.0,-128.0,56.0,-127.0
54.0,-128.0,55.0,-127.0
53.0,-128.0,54.0,-127.0
58.0,-128.0,59.0,-127.0
57.0,-128.0,58.0,-127.0
48.0,-126.0,49.0,-125.0
47.0,-126.0,48.0,-125.0
46.0,-126.0,47.0,-125.0
45.0,-126.0,46.0,-125.0
52.0,-126.0,53.0,-125.0
51.0,-126.0,52.0,-125.0
50.0,-126.0,51.0,-125.0
49.0,-126.0,50.0,-125.0
56.0,-126.0,57.0,-125.0
55.0,-126.0,56.0,-125.0
54.0,-126.0,55.0,-125.0
53.0,-126.0,54.0,-125.0
58.0,-126.0,59.0,-125.0
57.0,-126.0,58.0,-125.0
40.0,-126.0,41.0,-125.0
39.0,-126.0,40.0,-125.0
38.0,-126.0,39.0,-125.0
37.0,-126.0,38.0,-125.0
44.0,-126.0,45.0,-125.0
43.0,-126.0,44.0,-125.0
42.0,-126.0,43.0,-125.0
41.0,-126.0,42.0,-125.0
40.0,-127.0,41.0,-126.0
39.0,-127.0,40.0,-126.0
44.0,-127.0,45.0,-126.0
43.0,-127.0,44.0,-126.0
42.0,-127.0,43.0,-126.0
41.0,-127.0,42.0,-126.0
48.0,-127.0,49.0,-126.0
47.0,-127.0,48.0,-126.0
46.0,-127.0,47.0,-126.0
45.0,-127.0,46.0,-126.0
52.0,-127.0,53.0,-126.0
51.0,-127.0,52.0,-126.0
50.0,-127.0,51.0,-126.0
49.0,-127.0,50.0,-126.0
36.0,-125.0,37.0,-124.0
48.0,-124.0,49.0,-123.0
47.0,-124.0,48.0,-123.0
46.0,-124.0,47.0,-123.0
45.0,-124.0,46.0,-123.0
52.0,-124.0,53.0,-123.0
51.0,-124.0,52.0,-123.0
50.0,-124.0,51.0,-123.0
49.0,-124.0,50.0,-123.0
56.0,-124.0,57.0,-123.0
55.0,-124.0,56.0,-123.0
54.0,-124.0,55.0,-123.0
53.0,-124.0,54.0,-123.0
58.0,-124.0,59.0,-123.0
57.0,-124.0,58.0,-123.0
56.0,-125.0,57.0,-124.0
